/*--------------------------------*- C++ -*----------------------------------*\
| =========                 |                                                 |
| \\      /  F ield         | OpenFOAM: The Open Source CFD Toolbox           |
|  \\    /   O peration     | Version:  4.1                                   |
|   \\  /    A nd           | Web:      www.OpenFOAM.org                      |
|    \\/     M anipulation  |                                                 |
\*---------------------------------------------------------------------------*/
FoamFile
{
    version     2.0;
    format      ascii;
    class       labelList;
    note        "nPoints:78  nCells:181  nFaces:438  nInternalFaces:286";
    location    "constant/polyMesh";
    object      neighbour;
}
// * * * * * * * * * * * * * * * * * * * * * * * * * * * * * * * * * * * * * //


286
(
1
2
3
4
5
4
6
7
8
7
9
10
11
12
13
14
15
16
13
17
18
15
19
20
21
22
22
23
18
24
25
19
26
26
24
27
28
25
27
29
30
31
32
33
25
34
29
30
35
36
37
38
39
33
40
41
42
43
35
44
39
37
44
41
45
43
46
47
48
49
50
51
50
52
45
53
50
54
54
55
56
55
57
58
53
59
51
52
60
61
62
63
60
62
64
65
66
67
63
66
67
68
69
70
71
64
65
72
73
74
75
76
76
77
71
76
78
77
78
79
78
73
74
80
81
82
76
83
84
85
80
86
87
84
88
87
88
84
89
89
90
90
91
92
93
93
94
92
95
96
97
95
98
99
100
97
100
101
102
103
104
103
105
105
106
107
107
108
109
110
106
111
112
113
114
109
110
115
116
115
117
113
117
118
119
116
120
121
118
120
122
123
123
124
125
125
126
123
127
124
128
129
130
131
132
128
133
134
135
130
134
136
131
137
138
139
140
136
139
140
141
142
143
143
144
145
146
142
145
143
147
144
148
149
150
151
150
152
153
154
149
155
151
152
154
156
157
155
158
159
156
160
161
162
161
163
164
165
165
166
167
166
168
169
170
165
169
171
166
168
172
173
171
172
174
175
176
177
178
175
177
179
178
179
180
180
)


// ************************************************************************* //
