/*--------------------------------*- C++ -*----------------------------------*\
| =========                 |                                                 |
| \\      /  F ield         | OpenFOAM: The Open Source CFD Toolbox           |
|  \\    /   O peration     | Version:  4.1                                   |
|   \\  /    A nd           | Web:      www.OpenFOAM.org                      |
|    \\/     M anipulation  |                                                 |
\*---------------------------------------------------------------------------*/
FoamFile
{
    version     2.0;
    format      ascii;
    class       labelList;
    note        "nPoints:78  nCells:181  nFaces:438  nInternalFaces:286";
    location    "constant/polyMesh";
    object      owner;
}
// * * * * * * * * * * * * * * * * * * * * * * * * * * * * * * * * * * * * * //


438
(
0
1
1
2
2
3
3
4
4
5
5
6
7
7
8
9
10
10
11
11
11
12
12
13
14
15
16
16
17
17
17
18
18
19
20
20
20
21
21
21
22
22
23
23
24
24
25
26
26
27
28
28
30
31
31
31
32
33
34
34
35
36
38
39
39
40
40
40
41
41
42
42
43
43
44
45
46
46
47
47
47
48
48
48
49
49
50
51
52
53
55
55
56
56
56
57
57
57
58
58
59
59
59
60
61
62
62
64
64
65
66
66
67
67
68
68
68
69
69
70
71
72
73
73
74
74
75
75
75
77
79
79
80
81
81
82
82
83
84
85
86
87
87
88
88
89
90
91
91
92
93
94
94
95
95
96
96
96
97
98
98
99
99
100
101
101
102
103
103
104
105
105
106
106
107
108
109
109
110
111
111
112
113
113
114
115
115
116
117
117
118
118
119
119
120
121
121
122
122
123
124
125
125
126
126
127
127
127
128
129
129
129
130
131
132
133
133
134
134
135
136
137
137
138
138
139
140
141
141
142
142
143
144
144
145
145
146
146
147
147
148
148
150
150
151
151
152
153
153
153
154
154
155
157
158
158
159
159
160
160
161
162
162
163
163
164
164
164
165
166
167
168
169
170
170
171
171
172
173
174
174
175
176
176
178
179
65
111
23
53
77
136
30
175
148
141
159
60
102
86
13
32
61
155
37
116
121
128
162
90
97
82
100
138
0
157
94
93
152
135
124
173
8
177
167
3
28
85
104
45
132
70
114
16
180
38
49
33
6
69
52
2
27
36
0
9
14
8
83
83
108
108
46
72
72
112
112
54
54
139
133
51
169
130
81
99
122
120
137
163
158
110
131
80
101
160
92
91
170
161
168
176
102
86
32
61
1
37
42
5
58
36
79
107
140
0
157
9
147
146
14
29
29
12
135
78
15
173
63
63
167
126
71
172
149
149
19
119
85
104
35
156
156
132
70
114
44
98
89
38
178
10
34
6
174
179
177
180
)


// ************************************************************************* //
