/*--------------------------------*- C++ -*----------------------------------*\
| =========                 |                                                 |
| \\      /  F ield         | OpenFOAM: The Open Source CFD Toolbox           |
|  \\    /   O peration     | Version:  4.1                                   |
|   \\  /    A nd           | Web:      www.OpenFOAM.org                      |
|    \\/     M anipulation  |                                                 |
\*---------------------------------------------------------------------------*/
FoamFile
{
    version     2.0;
    format      ascii;
    class       vectorField;
    location    "constant/polyMesh";
    object      points;
}
// * * * * * * * * * * * * * * * * * * * * * * * * * * * * * * * * * * * * * //


78
(
(5 0 0)
(2.5 2.5 0)
(2.5 -2.5 0)
(2.5 1.25 -2.5)
(3.75 0 -2.5)
(2.5 -1.25 -2.5)
(2.5 2 -3)
(2.5 -2 -3)
(4.5 0 -3)
(2.5 2 -8)
(2.5 -2 -8)
(4.5 0 -8)
(3.75 0 -12.5)
(2.5 -1.25 -12.5)
(2.5 1.25 -12.5)
(3.38388 -0.883883 -12.5)
(3.38388 0.883883 -12.5)
(3.91421 -1.41421 -8)
(3.91421 1.41421 -8)
(3.38388 -0.883883 -2.5)
(3.38388 0.883883 -2.5)
(3.91421 -1.41421 -3)
(3.91421 1.41421 -3)
(4.26777 -1.76777 0)
(4.26777 1.76777 0)
(2.5 -1.5 -11)
(2.5 -1.75 -9.5)
(2.5 -2 -6.33333)
(2.5 -2 -4.66667)
(2.5 -1.875 -1.25)
(2.5 1.875 -1.25)
(2.5 2 -4.66667)
(2.5 2 -6.33333)
(2.5 1.75 -9.5)
(2.5 1.5 -11)
(4 0 -11)
(4.25 0 -9.5)
(4.5 0 -6.33333)
(4.5 0 -4.66667)
(4.375 0 -1.25)
(2.5 -1.53633e-12 -12.5)
(2.5 -5.5056e-12 -8)
(2.5 5.5056e-12 -3)
(2.5 -1.53633e-12 -2.5)
(2.5 -0.833333 0)
(2.5 0.833333 0)
(2.5 -0.0481771 -10.2434)
(2.5 0.415365 -11.5943)
(2.5 -0.625 -11.7282)
(2.5 0.669643 -8.98958)
(2.5 -0.669643 -8.98958)
(2.5 1.27676e-15 -5.5)
(2.5 -0.657312 -4.17449)
(2.5 0.657312 -6.82551)
(2.5 -0.691672 -6.65665)
(2.5 0.691672 -4.34335)
(2.5 -0.8125 -2.75)
(2.5 0.8125 -2.75)
(2.5 0.625 -1.40625)
(2.5 -0.666667 -1.53125)
(3.6361 -2.29233e-12 0)
(3.91421 1.41421 -6.00781)
(3.26537 1.84776 -7.11458)
(4.34776 0.765367 -7.11458)
(3.91421 1.41421 -4.05686)
(3.91421 -1.41421 -4.99219)
(4.34776 -0.765367 -3.88542)
(3.26537 -1.84776 -3.88542)
(3.91421 -1.41421 -6.94314)
(4.01125 -0.909067 -9.41841)
(3.49168 -1.23207 -10.5105)
(3.48902 -0.982873 -11.6339)
(3.40907 1.51125 -9.41841)
(3.73207 0.991676 -10.5105)
(3.48287 0.989019 -11.6339)
(3.2986 -1.63868 -1.35417)
(3.92622 -0.638194 -1.875)
(3.67851 1.17851 -1.66667)
)


// ************************************************************************* //
