/*--------------------------------*- C++ -*----------------------------------*\
| =========                 |                                                 |
| \\      /  F ield         | OpenFOAM: The Open Source CFD Toolbox           |
|  \\    /   O peration     | Version:  4.1                                   |
|   \\  /    A nd           | Web:      www.OpenFOAM.org                      |
|    \\/     M anipulation  |                                                 |
\*---------------------------------------------------------------------------*/
FoamFile
{
    version     2.0;
    format      ascii;
    class       faceList;
    location    "constant/polyMesh";
    object      faces;
}
// * * * * * * * * * * * * * * * * * * * * * * * * * * * * * * * * * * * * * //


438
(
3(67 21 66)
3(67 66 65)
3(62 18 63)
3(61 62 63)
3(67 19 56)
3(19 42 56)
3(67 42 19)
3(67 56 42)
3(42 66 4)
3(42 4 8)
3(42 8 66)
3(66 8 4)
3(20 64 4)
3(22 64 20)
3(22 4 64)
3(8 64 66)
3(66 64 38)
3(63 11 68)
3(63 68 37)
3(42 64 4)
3(20 64 42)
3(20 42 4)
3(42 66 19)
3(19 66 4)
3(42 19 4)
3(8 64 4)
3(42 64 8)
3(57 20 64)
3(57 42 20)
3(57 64 42)
3(67 19 21)
3(67 21 56)
3(19 56 21)
3(57 22 64)
3(20 22 57)
3(66 8 55)
3(66 55 64)
3(55 8 64)
3(54 63 11)
3(54 68 63)
3(54 11 68)
3(55 66 42)
3(55 42 8)
3(54 63 41)
3(54 41 11)
3(41 63 11)
3(52 42 66)
3(52 66 19)
3(52 19 42)
3(55 66 52)
3(54 63 53)
3(41 53 63)
3(3 20 57)
3(43 20 3)
3(43 57 20)
3(5 56 19)
3(5 19 43)
3(43 19 56)
3(66 55 38)
3(55 64 38)
3(63 54 37)
3(54 68 37)
3(52 66 21)
3(19 52 21)
3(19 21 66)
3(52 38 66)
3(52 55 38)
3(53 37 63)
3(53 54 37)
3(50 69 11)
3(36 50 11)
3(36 69 50)
3(67 52 66)
3(67 21 52)
3(7 52 67)
3(42 67 52)
3(42 7 67)
3(50 17 11)
3(69 17 50)
3(71 12 47)
3(48 47 12)
3(71 47 48)
3(71 48 12)
3(57 22 6)
3(57 6 64)
3(41 36 49)
3(41 50 36)
3(50 49 36)
3(53 18 63)
3(62 53 63)
3(62 18 53)
3(41 36 11)
3(49 11 36)
3(49 41 11)
3(41 50 11)
3(47 35 12)
3(71 35 47)
3(41 18 63)
3(53 18 41)
3(18 49 11)
3(18 36 49)
3(41 17 11)
3(50 17 41)
3(41 11 18)
3(41 18 49)
3(55 42 64)
3(41 11 68)
3(41 68 54)
3(65 66 52)
3(65 52 38)
3(61 63 53)
3(61 53 37)
3(70 71 46)
3(71 48 46)
3(70 48 71)
3(70 46 48)
3(41 17 68)
3(59 60 75)
3(59 44 60)
3(44 75 60)
3(59 75 44)
3(53 61 62)
3(52 65 67)
3(73 36 49)
3(72 49 36)
3(73 49 72)
3(47 35 74)
3(47 74 12)
3(52 67 19)
3(73 74 47)
3(73 47 35)
3(59 43 4)
3(43 58 4)
3(59 4 58)
3(9 18 53)
3(9 53 62)
3(76 59 60)
3(76 60 75)
3(76 75 59)
3(46 49 73)
3(46 36 49)
3(46 73 36)
3(49 18 72)
3(55 61 38)
3(55 64 61)
3(54 65 37)
3(54 68 65)
3(71 46 35)
3(70 35 46)
3(59 19 4)
3(43 19 59)
3(43 4 19)
3(40 47 12)
3(48 40 12)
3(48 71 35)
3(48 35 47)
3(51 38 37)
3(65 51 37)
3(65 38 51)
3(51 38 61)
3(51 61 37)
3(77 45 24)
3(77 60 45)
3(77 24 60)
3(48 46 35)
3(46 72 73)
3(46 49 72)
3(47 12 16)
3(47 16 40)
3(74 16 47)
3(55 61 51)
3(55 51 38)
3(54 65 51)
3(54 51 37)
3(51 52 38)
3(51 65 52)
3(51 53 37)
3(51 61 53)
3(47 73 34)
3(47 34 74)
3(59 60 58)
3(59 39 60)
3(58 60 39)
3(59 58 39)
3(46 73 33)
3(34 73 46)
3(34 33 73)
3(75 23 60)
3(75 60 39)
3(60 23 39)
3(75 39 23)
3(50 46 36)
3(46 35 47)
3(46 72 33)
3(73 33 72)
3(70 46 69)
3(50 69 46)
3(50 46 70)
3(50 70 69)
3(6 64 55)
3(42 64 6)
3(25 70 48)
3(71 25 48)
3(15 48 12)
3(71 48 15)
3(46 73 47)
3(46 35 73)
3(54 65 27)
3(54 28 65)
3(55 61 31)
3(55 32 61)
3(44 60 58)
3(15 48 40)
3(44 75 23)
3(20 57 6)
3(7 56 19)
3(30 45 24)
3(30 77 45)
3(20 58 4)
3(43 58 20)
3(43 20 4)
3(77 60 58)
3(45 58 60)
3(77 58 45)
3(44 2 75)
3(29 44 75)
3(41 9 18)
3(60 39 24)
3(60 77 39)
3(21 66 4)
3(9 18 49)
3(10 50 17)
3(41 10 17)
3(25 70 46)
3(31 55 64)
3(27 54 68)
3(70 36 46)
3(46 36 35)
3(70 35 36)
3(32 61 51)
3(28 65 51)
3(50 69 26)
3(50 26 17)
3(76 39 60)
3(76 59 39)
3(72 33 49)
3(75 76 39)
3(46 69 36)
3(70 36 69)
3(26 70 46)
3(53 32 61)
3(28 65 52)
3(0 60 39)
3(70 50 26)
3(77 4 58)
3(77 58 39)
3(58 4 39)
3(54 41 17)
3(54 17 68)
3(56 7 21)
3(56 67 7)
3(76 58 59)
3(76 4 58)
3(76 59 4)
3(20 58 77)
3(76 58 39)
3(54 10 17)
3(71 13 48)
3(47 16 14)
3(47 14 74)
3(72 49 9)
3(30 77 58)
3(59 75 29)
3(10 68 54)
3(28 52 67)
3(32 53 62)
3(59 19 76)
3(5 19 59)
3(5 75 59)
3(59 75 19)
3(3 58 20)
3(15 48 13)
3(42 43 4)
3(42 19 43)
3(20 42 43)
3(77 3 58)
3(55 52 42)
3(54 53 41)
3(43 3 57)
3(5 43 56)
3(42 52 7)
3(41 49 50)
3(59 58 43)
3(48 47 40)
3(34 46 33)
3(50 49 46)
3(46 47 48)
3(42 6 55)
3(54 27 28)
3(55 31 32)
3(44 58 59)
3(6 57 3)
3(7 5 56)
3(34 47 46)
3(29 2 44)
3(41 53 9)
3(9 49 41)
3(41 50 10)
3(25 46 48)
3(55 32 51)
3(54 28 51)
3(51 52 55)
3(54 51 53)
3(46 49 33)
3(45 1 30)
3(25 26 46)
3(53 51 32)
3(28 52 51)
3(26 50 46)
3(10 50 26)
3(54 41 10)
3(25 48 13)
3(45 58 44)
3(40 47 14)
3(47 34 14)
3(45 30 58)
3(59 29 44)
3(7 52 28)
3(32 9 53)
3(5 59 43)
3(33 49 9)
3(55 6 31)
3(27 54 10)
3(43 58 3)
3(40 13 48)
3(5 29 59)
3(42 56 43)
3(43 57 42)
3(30 3 58)
3(42 7 56)
3(6 42 57)
3(45 60 24)
3(44 23 60)
3(44 2 23)
3(45 24 1)
3(0 24 60)
3(60 23 0)
3(45 44 60)
3(21 65 66)
3(67 65 21)
3(61 63 18)
3(61 18 62)
3(22 20 4)
3(8 38 64)
3(8 66 38)
3(68 11 37)
3(63 37 11)
3(8 22 4)
3(8 64 22)
3(36 11 69)
3(69 11 17)
3(6 22 64)
3(71 12 35)
3(18 11 36)
3(65 38 66)
3(61 37 63)
3(68 17 11)
3(18 63 11)
3(73 72 36)
3(74 35 12)
3(73 35 74)
3(9 62 18)
3(72 18 36)
3(61 64 38)
3(65 68 37)
3(70 71 35)
3(65 37 38)
3(61 38 37)
3(74 12 16)
3(34 73 74)
3(71 70 25)
3(71 15 12)
3(28 27 65)
3(32 31 61)
3(20 6 3)
3(7 19 5)
3(30 24 77)
3(29 75 2)
3(6 20 22)
3(77 24 39)
3(19 21 4)
3(2 75 23)
3(31 64 61)
3(27 68 65)
3(26 69 17)
3(30 1 24)
3(25 70 26)
3(0 39 24)
3(73 36 35)
3(26 70 69)
3(0 23 39)
3(76 39 23)
3(76 23 75)
3(77 39 4)
3(10 26 17)
3(7 67 21)
3(20 77 4)
3(71 25 13)
3(21 8 4)
3(66 8 21)
3(34 74 14)
3(72 9 18)
3(7 21 19)
3(74 16 14)
3(34 33 72)
3(34 72 73)
3(76 4 39)
3(10 17 68)
3(7 28 67)
3(32 62 9)
3(76 19 4)
3(36 69 35)
3(70 35 69)
3(33 9 72)
3(31 6 64)
3(27 10 68)
3(5 19 75)
3(62 32 61)
3(28 65 67)
3(5 75 29)
3(15 71 13)
3(77 20 3)
3(76 75 19)
3(30 77 3)
3(40 16 12)
3(15 40 12)
3(40 14 16)
3(40 15 13)
)


// ************************************************************************* //
