/*--------------------------------*- C++ -*----------------------------------*\
| =========                 |                                                 |
| \\      /  F ield         | OpenFOAM: The Open Source CFD Toolbox           |
|  \\    /   O peration     | Version:  4.1                                   |
|   \\  /    A nd           | Web:      www.OpenFOAM.org                      |
|    \\/     M anipulation  |                                                 |
\*---------------------------------------------------------------------------*/
FoamFile
{
    version     2.0;
    format      ascii;
    class       labelList;
    note        "nPoints:78  nCells:181  nFaces:438  nInternalFaces:286";
    location    "constant/polyMesh";
    object      neighbour;
}
// * * * * * * * * * * * * * * * * * * * * * * * * * * * * * * * * * * * * * //


286
(
29
52
35
51
11
174
178
179
8
9
15
146
7
12
17
13
23
14
24
9
10
172
18
106
171
17
43
12
175
180
55
137
149
33
103
15
23
43
16
24
44
19
43
20
44
49
19
25
178
26
27
39
96
167
175
97
159
174
26
62
27
63
29
55
106
45
117
46
118
31
37
124
52
55
156
178
179
41
116
38
66
67
89
103
180
36
37
83
39
51
58
37
40
42
41
54
67
49
104
42
61
48
108
49
107
87
48
135
52
77
51
78
64
71
88
110
135
59
93
95
152
165
166
60
61
72
56
74
178
79
90
65
100
138
104
157
119
122
176
72
83
129
148
75
111
76
112
71
113
158
159
171
73
94
71
84
69
76
77
75
78
99
101
105
84
85
120
74
145
151
114
117
115
118
117
127
118
126
98
147
93
119
140
141
85
98
153
95
122
132
133
124
90
120
153
123
124
130
131
162
180
110
143
94
170
98
129
112
115
111
114
144
168
109
103
149
121
150
139
167
172
140
144
150
109
152
107
128
140
146
148
136
142
125
162
163
123
129
160
126
127
131
136
122
141
161
133
124
160
130
165
166
132
131
139
140
154
142
155
149
179
141
154
158
173
154
155
170
151
151
161
177
169
163
166
165
176
164
169
176
173
170
172
174
175
177
)


// ************************************************************************* //
