/*--------------------------------*- C++ -*----------------------------------*\
| =========                 |                                                 |
| \\      /  F ield         | OpenFOAM: The Open Source CFD Toolbox           |
|  \\    /   O peration     | Version:  4.1                                   |
|   \\  /    A nd           | Web:      www.OpenFOAM.org                      |
|    \\/     M anipulation  |                                                 |
\*---------------------------------------------------------------------------*/
FoamFile
{
    version     2.0;
    format      ascii;
    class       labelList;
    note        "nPoints:78  nCells:181  nFaces:438  nInternalFaces:286";
    location    "constant/polyMesh";
    object      owner;
}
// * * * * * * * * * * * * * * * * * * * * * * * * * * * * * * * * * * * * * //


438
(
0
0
1
1
2
2
2
2
3
3
3
3
4
4
4
5
5
6
6
7
7
7
8
8
8
9
9
10
10
10
11
11
11
12
12
13
13
13
14
14
14
15
15
16
16
16
18
18
18
19
20
20
21
21
21
22
22
22
23
23
24
24
25
25
25
26
26
27
27
28
28
28
29
29
30
30
30
31
31
32
32
32
32
33
33
34
34
34
35
35
35
36
36
36
37
38
38
39
39
40
40
41
41
42
42
43
44
44
45
45
46
46
47
47
47
47
48
50
50
50
50
51
52
53
53
53
54
54
55
56
56
57
57
57
58
58
59
59
59
60
60
60
61
62
62
63
63
64
64
65
65
65
66
66
67
67
68
68
68
69
69
70
70
70
71
72
72
73
73
74
75
75
76
76
77
77
78
78
79
79
80
80
80
80
81
81
81
82
82
82
82
83
84
85
85
86
86
86
86
87
87
88
88
89
89
90
90
91
91
92
92
93
94
95
96
97
99
99
100
100
100
101
101
101
102
102
104
105
105
106
107
108
108
110
111
112
113
113
113
114
115
116
116
119
119
120
122
123
123
125
126
127
128
130
134
134
134
135
135
137
137
138
138
138
139
141
142
143
145
147
148
150
152
155
156
157
158
159
164
164
167
168
171
171
172
173
19
20
21
22
30
34
57
66
81
83
84
87
91
92
93
96
97
98
102
104
107
108
110
114
115
117
118
120
121
125
126
127
130
136
142
143
144
145
147
150
152
156
157
159
161
162
163
167
168
169
174
175
177
179
180
70
95
109
121
128
132
144
0
0
1
1
4
5
5
6
6
17
17
28
31
33
38
40
45
46
48
49
53
54
56
58
61
62
63
64
68
69
74
79
88
89
91
92
96
97
99
102
103
105
106
109
111
112
116
121
125
128
129
131
132
133
133
134
136
137
139
143
146
146
147
148
149
151
153
153
154
155
156
157
158
160
160
161
162
163
164
165
166
169
170
173
176
177
73
94
145
168
)


// ************************************************************************* //
